CATMULL_ROM
14
16

6 0
4.5 6.61
3 8.66
1.5 9.68
0 10
-1.5 9.68
-3 8.66
-4.5 6.61
-6 0
-4.5 -6.61
-3 -8.66
-1.5 -9.68
0 -10
1.5 -9.68
3 -8.66
4.5 -6.61
1.5
90 -0.5 0.5 0
-150 -75 0

6 0
4.5 6.61
3 8.66
1.5 9.68
0 10
-1.5 9.68
-3 8.66
-4.5 6.61
-6 0
-4.5 -6.61
-3 -8.66
-1.5 -9.68
0 -10
1.5 -9.68
3 -8.66
4.5 -6.61
4.5
90 -0.4 0.6 0
-120 -60 0

6 0
4.5 6.61
3 8.66
1.5 9.68
0 10
-1.5 9.68
-3 8.66
-4.5 6.61
-6 0
-4.5 -6.61
-3 -8.66
-1.5 -9.68
0 -10
1.5 -9.68
3 -8.66
4.5 -6.61
5.25
90 -0.35 0.65 0
-105 -52.5 0

6 0
4.5 6.61
3 8.66
1.5 9.68
0 10
-1.5 9.68
-3 8.66
-4.5 6.61
-6 0
-4.5 -6.61
-3 -8.66
-1.5 -9.68
0 -10
1.5 -9.68
3 -8.66
4.5 -6.61
6.0
90 -0.3 0.7 0
-90 -45 0

6 0
4.5 6.61
3 8.66
1.5 9.68
0 10
-1.5 9.68
-3 8.66
-4.5 6.61
-6 0
-4.5 -6.61
-3 -8.66
-1.5 -9.68
0 -10
1.5 -9.68
3 -8.66
4.5 -6.61
6.75
90 -0.25 0.75 0
-75 -37.5 0

6 0
4.5 6.61
3 8.66
1.5 9.68
0 10
-1.5 9.68
-3 8.66
-4.5 6.61
-6 0
-4.5 -6.61
-3 -8.66
-1.5 -9.68
0 -10
1.5 -9.68
3 -8.66
4.5 -6.61
7.2
90 -0.2 0.8 0
-60 -30 0

6 0
4.5 6.61
3 8.66
1.5 9.68
0 10
-1.5 9.68
-3 8.66
-4.5 6.61
-6 0
-4.5 -6.61
-3 -8.66
-1.5 -9.68
0 -10
1.5 -9.68
3 -8.66
4.5 -6.61
7.2
90 -0.1 0.9 0
-45 -22.5 0

6 0
4.5 6.61
3 8.66
1.5 9.68
0 10
-1.5 9.68
-3 8.66
-4.5 6.61
-6 0
-4.5 -6.61
-3 -8.66
-1.5 -9.68
0 -10
1.5 -9.68
3 -8.66
4.5 -6.61
6.75
90 0 1 0
-30 -15 0

6 0
4.5 6.61
3 8.66
1.5 9.68
0 10
-1.5 9.68
-3 8.66
-4.5 6.61
-6 0
-4.5 -6.61
-3 -8.66
-1.5 -9.68
0 -10
1.5 -9.68
3 -8.66
4.5 -6.61
7.5
90 0.1 0.9 0
0 -7.5 0

6 0
4.5 6.61
3 8.66
1.5 9.68
0 10
-1.5 9.68
-3 8.66
-4.5 6.61
-6 0
-4.5 -6.61
-3 -8.66
-1.5 -9.68
0 -10
1.5 -9.68
3 -8.66
4.5 -6.61
6.75
90 0.2 0.8 0
30 -7.5 0

6 0
4.5 6.61
3 8.66
1.5 9.68
0 10
-1.5 9.68
-3 8.66
-4.5 6.61
-6 0
-4.5 -6.61
-3 -8.66
-1.5 -9.68
0 -10
1.5 -9.68
3 -8.66
4.5 -6.61
4.5
90 0.3 0.7 0
60 -22.5 0

6 0
4.5 6.61
3 8.66
1.5 9.68
0 10
-1.5 9.68
-3 8.66
-4.5 6.61
-6 0
-4.5 -6.61
-3 -8.66
-1.5 -9.68
0 -10
1.5 -9.68
3 -8.66
4.5 -6.61
1.5
90 0.4 0.6 0
120 -37.5 0

6 0
4.5 6.61
3 8.66
1.5 9.68
0 10
-1.5 9.68
-3 8.66
-4.5 6.61
-6 0
-4.5 -6.61
-3 -8.66
-1.5 -9.68
0 -10
1.5 -9.68
3 -8.66
4.5 -6.61
3.0
90 0.5 0.5 0
150 -52.5 0

6 0
4.5 6.61
3 8.66
1.5 9.68
0 10
-1.5 9.68
-3 8.66
-4.5 6.61
-6 0
-4.5 -6.61
-3 -8.66
-1.5 -9.68
0 -10
1.5 -9.68
3 -8.66
4.5 -6.61
4.5
90 0.5 0.5 0
180 -75 0
