CATMULL_ROM
14
16

6 0
4.5 6.61
3 8.66
1.5 9.68
0 10
-1.5 9.68
-3 8.66
-4.5 6.61
-6 0
-4.5 -6.61
-3 -8.66
-1.5 -9.68
0 -10
1.5 -9.68
3 -8.66
4.5 -6.61
0.5
90 -0.5 0.5 0
-50 -25 0

6 0
4.5 6.61
3 8.66
1.5 9.68
0 10
-1.5 9.68
-3 8.66
-4.5 6.61
-6 0
-4.5 -6.61
-3 -8.66
-1.5 -9.68
0 -10
1.5 -9.68
3 -8.66
4.5 -6.61
1.5
90 -0.4 0.6 0
-40 -20 0

6 0
4.5 6.61
3 8.66
1.5 9.68
0 10
-1.5 9.68
-3 8.66
-4.5 6.61
-6 0
-4.5 -6.61
-3 -8.66
-1.5 -9.68
0 -10
1.5 -9.68
3 -8.66
4.5 -6.61
1.75
90 -0.35 0.65 0
-35 -17.5 0

8 0
4.5 6.61
3 8.66
1.5 9.68
0 10
-1.5 9.68
-3 8.66
-4.5 6.61
-8 0
-4.5 -6.61
-3 -8.66
-1.5 -9.68
0 -10
1.5 -9.68
3 -8.66
4.5 -6.61
2.0
90 -0.3 0.7 0
-30 -15 0

20 0
4.5 6.61
3 8.66
1.5 9.68
0 10
-1.5 9.68
-3 8.66
-4.5 6.61
-20 0
-4.5 -6.61
-3 -8.66
-1.5 -9.68
0 -10
1.5 -9.68
3 -8.66
4.5 -6.61
2.25
90 -0.25 0.75 0
-25 -12.5 0

8 0
4.5 6.61
3 8.66
1.5 9.68
0 10
-1.5 9.68
-3 8.66
-4.5 6.61
-8 0
-4.5 -6.61
-3 -8.66
-1.5 -9.68
0 -10
1.5 -9.68
3 -8.66
4.5 -6.61
2.4
90 -0.2 0.8 0
-20 -10 0

6 0
4.5 6.61
3 8.66
1.5 9.68
0 10
-1.5 9.68
-3 8.66
-4.5 6.61
-6 0
-4.5 -6.61
-3 -8.66
-1.5 -9.68
0 -10
1.5 -9.68
3 -8.66
4.5 -6.61
2.4
90 -0.1 0.9 0
-15 -7.5 0

6 0
4.5 6.61
3 8.66
1.5 9.68
0 10
-1.5 9.68
-3 8.66
-4.5 6.61
-6 0
-4.5 -6.61
-3 -8.66
-1.5 -9.68
0 -10
1.5 -9.68
3 -8.66
4.5 -6.61
2.25
90 0 1 0
-10 -5 0

6 0
4.5 6.61
3 8.66
1.5 9.68
0 10
-1.5 9.68
-3 8.66
-4.5 6.61
-6 0
-4.5 -6.61
-3 -8.66
-1.5 -9.68
0 -10
1.5 -9.68
3 -8.66
4.5 -6.61
2.5
90 0.1 0.9 0
0 -2.5 0

6 0
4.5 6.61
3 8.66
1.5 9.68
0 10
-1.5 9.68
-3 8.66
-4.5 6.61
-6 0
-4.5 -6.61
-3 -8.66
-1.5 -9.68
0 -10
1.5 -9.68
3 -8.66
4.5 -6.61
2.25
90 0.2 0.8 0
10 -2.5 0

6 0
4.5 6.61
3 8.66
1.5 9.68
0 10
-1.5 9.68
-3 8.66
-4.5 6.61
-6 0
-4.5 -6.61
-3 -8.66
-1.5 -9.68
0 -10
1.5 -9.68
3 -8.66
4.5 -6.61
1.5
90 0.3 0.7 0
20 -7.5 0

6 0
4.5 6.61
3 8.66
1.5 9.68
0 10
-1.5 9.68
-3 8.66
-4.5 6.61
-6 0
-4.5 -6.61
-3 -8.66
-1.5 -9.68
0 -10
1.5 -9.68
3 -8.66
4.5 -6.61
0.5
90 0.4 0.6 0
40 -12.5 0

6 0
4.5 6.61
3 8.66
1.5 9.68
0 10
-1.5 9.68
-3 8.66
-4.5 6.61
-6 0
-4.5 -6.61
-3 -8.66
-1.5 -9.68
0 -10
1.5 -9.68
3 -8.66
4.5 -6.61
1.0
90 0.5 0.5 0
50 -17.5 0

6 0
4.5 6.61
3 8.66
1.5 9.68
0 10
-1.5 9.68
-3 8.66
-4.5 6.61
-6 0
-4.5 -6.61
-3 -8.66
-1.5 -9.68
0 -10
1.5 -9.68
3 -8.66
4.5 -6.61
1.5
90 0.5 0.5 0
60 -25 0
